Total number of scans for process: 71
Started at Thu Dec 29 11:44:38 MSK 2011
4023 
4099 
4104 
4106 
4107 
4108 
4111 
4112 
4114 
4116 
4124 
4126 
4127 
4132  4165 2.909826468230788E-27 2 gi|16767578|ref|NP_463193.1| chaperone Hsp10 [Salmonella typhimurium LT2]
4136 
4139 
4142 
4148 
4151  3231 11.609466203448683 1 gi|16766641|ref|NP_462256.1| putative ATPase [Salmonella typhimurium LT2]
4152 
4154 
4155 
4156 
4158 
4159 
4160 
4162 
4163 
4166 
4167 
4176 
4183 
4186 
4187 
4190 
4191 
4194 
4195 
4196 
4198 
4199 
4200 
4202 
4203 
4204 
4206 
4207 
4208 
4210 
4212 
4214 
4215 
4216 
4218 
4219 
4220 
4222 
4223 
4226 
4227 
4228 
4230 
4231 
4234 
4235 
4236 
4239 
4240 
4242 
4246 
4247 
Finished at Thu Dec 29 11:52:22 MSK 2011
