502
503
504
507
508
510
511
514
515
516
518
519
520
522
523
524
526
527
528
530
531
532
534
535
536
538
539
540
542
543
544
546
547
550
551
552
554
555
556
558
559
560
562
563
564
566
567
568
571
572
574
575
576
578
579
580
582
583
584
586
587
588
590
591
592
594
595
596
598
599
600
606
612
614
615
616
619
624
627
630
631
632
634
635
638
646
647
648
650
651
652
654
655
656
660
663
672
674
675
676
679
680
684
686
687
688
691
692
694
695
696
698
699
700
702
703
704
710
711
712
714
716
718
719
720
722
723
724
726
727
734
740
742
743
744
746
747
748
750
751
752
754
755
756
758
759
760
762
763
764
766
770
771
784
794
795
796
798
806
807
810
811
812
814
815
816
822
823
828
834
835
836
846
847
851
859
860
870
871
872
874
875
876
878
879
880
882
884
887
888
890
892
894
896
912
914
919
920
924
930
931
932
934
935
936
938
939
940
942
943
944
946
947
948
950
951
952
954
964
968
970
974
975
976
978
979
980
982
984
986
987
988
990
991
992
994
995
996
998
1000
1006
1007
1008
1019
1022
1023
1026
1027
1028
1030
1031
1032
1034
1035
1036
1039
1042
1043
1044
1047
1050
1051
1052
1054
1074
1075
1078
1079
1080
1083
1084
1086
1090
1091
1092
1094
1095
1096
1098
1099
1100
1102
1103
1104
1106
1107
1108
1110
1111
1112
1114
1115
1116
1118
1119
1120
1122
1123
1126
1130
1131
1132
1134
1135
1136
1138
1139
1140
1142
1143
1144
1146
1147
1148
1150
1151
1152
1154
1155
1156
1158
1159
1160
1162
1163
1164
1166
1167
1168
1170
1171
1172
1174
1175
1176
1178
1179
1180
1183
1186
1194
1195
1198
1199
1207
1208
1216
1228
1231
1232
1234
1235
1236
1238
1239
1240
1242
1244
1248
1254
1255
1258
1259
1260
1262
1263
1270
1272
1274
1275
1280
1282
1283
1286
1287
1288
1290
1291
1298
1300
1302
1312
1316
1330
1332
1334
1338
1339
1340
1343
1344
1346
1347
1348
1351
1367
1374
1375
1379
1380
1382
1383
1386
1387
1390
1391
1394
1396
1399
1400
1403
1406
1407
1408
1410
1411
1412
1414
1415
1416
1418
1419
1424
1426
1428
1431
1432
1434
1436
1439
1440
1443
1444
1446
1447
1448
1450
1452
1454
1456
1458
1459
1460
1462
1463
1464
1466
1467
1468
1470
1471
1472
1474
1475
1476
1478
1479
1480
1482
1483
1484
1486
1487
1488
1490
1491
1492
1494
1495
1498
1499
1500
1502
1503
1504
1506
1507
1508
1510
1514
1515
1516
1519
1520
1522
1523
1524
1526
1527
1532
1534
1535
1538
1539
1540
1542
1543
1544
1546
1547
1548
1550
1551
1552
1554
1555
1556
1558
1559
1560
1562
1563
1564
1566
1567
1568
1570
1571
1572
1574
1575
1576
1578
1579
1580
1582
1588
1591
1592
1595
1599
1600
1610
1612
1616
1620
1623
1628
1631
1634
1635
1644
1648
1658
1662
1664
1666
1667
1670
1671
1672
1674
1678
1679
1680
1682
1694
1695
1700
1702
1704
1706
1707
1708
1710
1711
1712
1720
1723
1724
1730
1732
1735
1736
1738
1739
1740
1743
1744
1746
1747
1748
1750
1751
1752
1754
1755
1756
1758
1759
1760
1762
1763
1764
1766
1767
1768
1770
1771
1772
1774
1775
1776
1778
1779
1802
1803
1806
1807
1808
1810
1811
1812
1814
1815
1816
1818
1819
1820
1822
1823
1824
1828
1830
1831
1842
1844
1847
1858
1859
1860
1862
1864
1867
1870
1871
1872
1875
1891
1896
1900
1906
1910
1911
1914
1915
1916
1918
1919
1922
1923
1924
1927
1928
1930
1931
1932
1934
1935
1936
1940
1944
1946
1947
1948
1950
1951
1952
1954
1955
1956
1958
1959
1960
1962
1963
1964
1966
1967
1968
1970
1971
1972
1974
1975
1976
1982
1984
1986
1988
1991
1996
1998
2000
2002
2007
2008
2010
2011
2016
2019
2020
2032
2035
2036
2038
2039
2040
2042
2043
2044
2046
2047
2048
2050
2051
2052
2054
2055
2056
2060
2062
2063
2064
2066
2067
2068
2070
2071
2072
2074
2075
2076
2079
2082
2084
2091
2092
2094
2096
2099
2100
2106
2112
2119
2120
2122
2124
2127
2130
2135
2136
2143
2144
2146
2147
2151
2155
2156
2160
2162
2163
2164
2166
2167
2168
2170
2171
2172
2175
2180
2196
2202
2212
2214
2215
2216
2218
2219
2220
2223
2224
2228
2231
2232
2234
2236
2238
2254
2255
2256
2258
2259
2260
2262
2263
2266
2268
2278
2279
2280
2282
2286
2290
2294
2295
2296
2298
2299
2302
2303
2304
2306
2307
2310
2311
2312
2314
2315
2316
2318
2319
2320
2322
2323
2324
2326
2327
2328
2330
2331
2332
2334
2335
2336
2338
2339
2340
2342
2343
2344
2346
2348
2351
2354
2356
2358
2363
2364
2367
2370
2371
2374
2375
2376
2379
2382
2383
2384
2386
2387
2390
2391
2394
2395
2396
2410
2411
2412
2414
2420
2422
2423
2424
2426
2427
2428
2430
2431
2432
2434
2435
2436
2438
2439
2440
2442
2443
2444
2446
2447
2451
2475
2476
2479
2490
2495
2496
2508
2528
2530
2538
2540
2542
2543
2544
2546
2550
2551
2552
2562
2563
2564
2571
2575
2578
2580
2582
2583
2584
2586
2590
2594
2595
2599
2606
2607
2608
2610
2611
2612
2614
2615
2616
2618
2619
2620
2622
2623
2624
2628
2630
2632
2634
2636
2639
2640
2666
2670
2679
2682
2686
2695
2696
2699
2700
2714
2730
2731
2735
2736
2738
2739
2740
2768
2770
2771
2772
2774
2776
2778
2787
2810
2811
2812
2814
2815
2816
2818
2826
2831
2836
2838
2839
2840
2843
2846
2847
2848
2850
2851
2852
2854
2855
2856
2858
2859
2860
2862
2863
2864
2866
2867
2868
2870
2871
2872
2875
2876
2879
2882
2883
2884
2894
2895
2902
2906
2947
2948
2952
2955
2959
2960
2963
2967
2968
2970
2971
2979
2980
2986
2990
2998
2999
3000
3002
3003
3004
3006
3007
3008
3010
3011
3012
3014
3015
3016
3018
3019
3020
3022
3023
3024
3026
3027
3028
3030
3031
3032
3034
3035
3038
3039
3040
3042
3043
3046
3047
3050
3051
3052
3054
3055
3056
3059
3064
3066
3067
3068
3070
3076
3078
3086
3092
3095
3098
3100
3110
3120
3131
3132
3134
3136
3138
3139
3140
3146
3147
3150
3151
3152
3159
3162
3164
3170
3175
3178
3179
3180
3182
3183
3184
3186
3187
3188
3192
3194
3195
3198
3199
3200
3203
3210
3211
3212
3222
3224
3226
3239
3298
3302
3303
3304
3306
3307
3308
3310
3311
3312
3314
3315
3316
3318
3319
3320
3322
3323
3326
3348
3378
3379
3380
3383
3410
3411
3415
3424
3448
3450
3454
3455
3456
3458
3459
3460
3462
3463
3464
3466
3467
3468
3470
3471
3474
3478
3484
3487
3492
3502
3507
3510
3511
3512
3514
3515
3516
3518
3519
3522
3523
3526
3527
3536
3539
3540
3542
3543
3544
3550
3551
3552
3554
3555
3556
3558
3559
3560
3562
3563
3567
3568
3576
3583
3587
3622
3630
3632
3639
3648
3650
3652
3654
3658
3659
3660
3662
3663
3666
3670
3679
3680
3686
3690
3698
3706
3714
3716
3718
3719
3746
3750
3818
3822
3823
3824
3826
3827
3828
3854
3858
4107
4108
4127
4132
4148
4151
4155
4159
4162
4163
4167
4219
4223
4226
4227
4240